1,-1.52749,-17.72811,4.18101,1.27868,-0.00000,0.06873
2,-1.52753,-17.72765,4.18088,1.27867,-0.00000,0.06870
3,-1.52767,-17.72627,4.18047,1.27865,-0.00000,0.06862
4,-1.52789,-17.72397,4.17979,1.27863,-0.00000,0.06849
5,-1.52819,-17.72077,4.17884,1.27859,0.00000,0.06830
6,-1.52859,-17.71665,4.17762,1.27855,-0.00000,0.06807
7,-1.52907,-17.71163,4.17613,1.27849,-0.00000,0.06778
8,-1.52963,-17.70571,4.17437,1.27843,-0.00000,0.06744
9,-1.53028,-17.69889,4.17235,1.27835,0.00000,0.06704
10,-1.53102,-17.69118,4.17007,1.27827,-0.00000,0.06660
11,-1.53184,-17.68258,4.16752,1.27817,-0.00000,0.06610
12,-1.53275,-17.67310,4.16471,1.27807,0.00000,0.06555
13,-1.53374,-17.66273,4.16164,1.27795,-0.00000,0.06496
14,-1.53481,-17.65149,4.15830,1.27783,-0.00000,0.06431
15,-1.53597,-17.63936,4.15471,1.27769,-0.00000,0.06361
16,-1.53721,-17.62637,4.15086,1.27755,-0.00000,0.06286
17,-1.53854,-17.61251,4.14675,1.27740,-0.00000,0.06206
18,-1.53994,-17.59779,4.14239,1.27724,-0.00000,0.06121
19,-1.54143,-17.58221,4.13777,1.27707,0.00000,0.06031
20,-1.54300,-17.56577,4.13290,1.27689,-0.00000,0.05936
21,-1.54466,-17.54848,4.12777,1.27670,-0.00000,0.05836
22,-1.54639,-17.53033,4.12240,1.27644,-0.00000,0.05702
23,-1.54821,-17.51135,4.11677,1.27614,0.00000,0.05536
24,-1.55010,-17.49152,4.11089,1.27582,-0.00000,0.05363
25,-1.55208,-17.47086,4.10477,1.27549,0.00000,0.05183
26,-1.55413,-17.44936,4.09839,1.27515,-0.00000,0.04995
27,-1.55626,-17.42703,4.09178,1.27479,0.00000,0.04800
28,-1.55848,-17.40387,4.08491,1.27442,-0.00000,0.04598
29,-1.56077,-17.37989,4.07781,1.27404,-0.00000,0.04389
30,-1.56314,-17.35509,4.07046,1.27365,0.00000,0.04172
31,-1.56559,-17.32948,4.06286,1.27325,-0.00000,0.03948
32,-1.56811,-17.30305,4.05503,1.27283,-0.00000,0.03717
33,-1.57071,-17.27582,4.04696,1.27241,-0.00000,0.03479
34,-1.57339,-17.24778,4.03865,1.27197,-0.00000,0.03234
35,-1.57615,-17.21894,4.03010,1.27152,-0.00000,0.02981
36,-1.57864,-17.18931,4.02125,1.27111,0.00000,0.02747
37,-1.58095,-17.15888,4.01212,1.27072,-0.00000,0.02524
38,-1.58332,-17.12766,4.00275,1.27032,-0.00000,0.02295
39,-1.58575,-17.09566,3.99315,1.26991,0.00000,0.02060
40,-1.58825,-17.06287,3.98331,1.26950,-0.00000,0.01820
41,-1.59080,-17.02931,3.97324,1.26907,-0.00000,0.01573
42,-1.59341,-16.99497,3.96293,1.26855,0.00000,0.01266
43,-1.59608,-16.95985,3.95240,1.26798,0.00000,0.00927
44,-1.59880,-16.92398,3.94163,1.26740,0.00000,0.00582
45,-1.60159,-16.88733,3.93064,1.26681,-0.00000,0.00228
46,-1.60443,-16.84993,3.91941,1.26621,-0.00000,-0.00132
47,-1.60733,-16.81177,3.90796,1.26561,-0.00000,-0.00500
48,-1.61029,-16.77286,3.89629,1.26499,-0.00000,-0.00876
49,-1.61330,-16.73320,3.88438,1.26437,-0.00000,-0.01259
50,-1.61637,-16.69279,3.87226,1.26374,-0.00000,-0.01649
51,-1.61744,-16.65165,3.85952,1.26336,-0.00000,-0.01896
52,-1.61811,-16.60977,3.84648,1.26302,-0.00000,-0.02117
53,-1.61878,-16.56716,3.83321,1.26267,-0.00000,-0.02342
54,-1.61947,-16.52381,3.81971,1.26232,-0.00000,-0.02570
55,-1.62017,-16.47974,3.80598,1.26186,-0.00000,-0.02882
56,-1.62088,-16.43494,3.79203,1.26125,-0.00000,-0.03314
57,-1.62160,-16.38943,3.77786,1.26062,0.00000,-0.03752
58,-1.62233,-16.34320,3.76346,1.26000,0.00000,-0.04198
59,-1.62308,-16.29626,3.74884,1.25937,-0.00000,-0.04651
60,-1.62383,-16.24860,3.73400,1.25873,-0.00000,-0.05111
61,-1.62460,-16.20025,3.71894,1.25810,-0.00000,-0.05578
62,-1.62482,-16.15123,3.70358,1.25751,-0.00000,-0.06012
63,-1.62358,-16.10162,3.68777,1.25708,-0.00000,-0.06344
64,-1.62232,-16.05132,3.67174,1.25664,-0.00000,-0.06681
65,-1.62105,-16.00032,3.65549,1.25621,-0.00000,-0.07022
66,-1.61975,-15.94865,3.63903,1.25572,0.00000,-0.07418
67,-1.61844,-15.89629,3.62234,1.25518,-0.00000,-0.07860
68,-1.61712,-15.84326,3.60545,1.25465,-0.00000,-0.08308
69,-1.61577,-15.78955,3.58834,1.25412,-0.00000,-0.08761
70,-1.61441,-15.73518,3.57101,1.25358,-0.00000,-0.09221
71,-1.61303,-15.68014,3.55347,1.25305,0.00000,-0.09686
72,-1.61098,-15.62448,3.53562,1.25258,-0.00000,-0.10108
73,-1.60779,-15.56824,3.51739,1.25221,-0.00000,-0.10454
74,-1.60457,-15.51135,3.49895,1.25184,-0.00000,-0.10804
75,-1.60130,-15.45381,3.48029,1.25147,-0.00000,-0.11168
76,-1.59800,-15.39563,3.46143,1.25099,-0.00000,-0.11665
77,-1.59467,-15.33680,3.44235,1.25051,-0.00000,-0.12166
78,-1.59129,-15.27733,3.42307,1.25003,-0.00000,-0.12674
79,-1.58789,-15.21723,3.40359,1.24955,-0.00000,-0.13187
80,-1.58444,-15.15650,3.38390,1.24908,-0.00000,-0.13705
81,-1.57907,-15.09538,3.36379,1.24875,0.00000,-0.14090
82,-1.57184,-15.03387,3.34325,1.24856,-0.00000,-0.14345
83,-1.56455,-14.97174,3.32252,1.24836,-0.00000,-0.14603
84,-1.55718,-14.90901,3.30158,1.24814,-0.00000,-0.14949
85,-1.54974,-14.84566,3.28043,1.24790,-0.00000,-0.15380
86,-1.54223,-14.78171,3.25909,1.24766,0.00000,-0.15817
87,-1.53465,-14.71716,3.23754,1.24743,-0.00000,-0.16257
88,-1.52700,-14.65201,3.21580,1.24720,-0.00000,-0.16701
89,-1.51866,-14.58637,3.19381,1.24701,-0.00000,-0.17104
90,-1.50930,-14.52030,3.17154,1.24686,-0.00000,-0.17440
91,-1.49985,-14.45365,3.14908,1.24672,-0.00000,-0.17779
92,-1.49032,-14.38641,3.12642,1.24661,-0.00000,-0.18170
93,-1.48071,-14.31860,3.10356,1.24651,-0.00000,-0.18599
94,-1.47102,-14.25022,3.08052,1.24643,-0.00000,-0.19032
95,-1.46125,-14.18127,3.05728,1.24634,0.00000,-0.19468
96,-1.45140,-14.11175,3.03385,1.24626,-0.00000,-0.19907
97,-1.43958,-14.04200,3.01009,1.24627,0.00000,-0.20211
98,-1.42729,-13.97176,2.98611,1.24629,-0.00000,-0.20487
99,-1.41489,-13.90096,2.96195,1.24633,-0.00000,-0.20783
100,-1.40240,-13.82962,2.93760,1.24645,0.00000,-0.21150
101,-1.38982,-13.75773,2.91306,1.24656,-0.00000,-0.21520
102,-1.37714,-13.68531,2.88834,1.24668,-0.00000,-0.21893
103,-1.36437,-13.61234,2.86343,1.24681,-0.00000,-0.22268
104,-1.34965,-13.53922,2.83832,1.24695,-0.00000,-0.22508
105,-1.33403,-13.46573,2.81301,1.24709,-0.00000,-0.22689
106,-1.31829,-13.39172,2.78752,1.24730,-0.00000,-0.22886
107,-1.30245,-13.31718,2.76185,1.24774,0.00000,-0.23139
108,-1.28649,-13.24214,2.73600,1.24819,-0.00000,-0.23393
109,-1.27043,-13.16658,2.70998,1.24865,-0.00000,-0.23649
110,-1.25425,-13.09051,2.68378,1.24911,-0.00000,-0.23906
111,-1.23679,-13.01418,2.65748,1.24952,-0.00000,-0.24077
112,-1.21911,-12.93737,2.63101,1.24993,-0.00000,-0.24241
113,-1.20131,-12.86006,2.60438,1.25053,-0.00000,-0.24397
114,-1.18340,-12.78226,2.57757,1.25132,-0.00000,-0.24546
115,-1.16538,-12.70398,2.55060,1.25211,-0.00000,-0.24695
116,-1.14725,-12.62521,2.52345,1.25291,0.00000,-0.24846
117,-1.12845,-12.54606,2.49620,1.25366,-0.00000,-0.24955
118,-1.10879,-12.46659,2.46886,1.25437,-0.00000,-0.25011
119,-1.08902,-12.38664,2.44136,1.25515,-0.00000,-0.25056
120,-1.06913,-12.30623,2.41370,1.25637,-0.00000,-0.25041
121,-1.04913,-12.22534,2.38587,1.25760,0.00000,-0.25025
122,-1.02901,-12.14400,2.35789,1.25884,0.00000,-0.25010
123,-1.00859,-12.06222,2.32984,1.26002,0.00000,-0.24980
124,-0.98720,-11.98007,2.30199,1.26094,0.00000,-0.24888
125,-0.96570,-11.89748,2.27400,1.26186,0.00000,-0.24796
126,-0.94408,-11.81443,2.24586,1.26351,-0.00000,-0.24552
127,-0.92235,-11.73094,2.21756,1.26519,-0.00000,-0.24302
128,-0.90050,-11.64701,2.18912,1.26688,-0.00000,-0.24051
129,-0.87857,-11.56261,2.16061,1.26851,-0.00000,-0.23802
130,-0.85670,-11.47757,2.13243,1.26982,-0.00000,-0.23568
131,-0.83473,-11.39210,2.10410,1.27113,-0.00000,-0.23331
132,-0.81264,-11.30621,2.07564,1.27354,-0.00000,-0.22805
133,-0.79045,-11.21989,2.04703,1.27597,-0.00000,-0.22276
134,-0.76815,-11.13315,2.01829,1.27843,0.00000,-0.21746
135,-0.74603,-11.04585,1.98964,1.28073,0.00000,-0.21237
136,-0.72449,-10.95780,1.96138,1.28265,0.00000,-0.20780
137,-0.70284,-10.86933,1.93300,1.28493,-0.00000,-0.20222
138,-0.68110,-10.78046,1.90448,1.28847,-0.00000,-0.19298
139,-0.65925,-10.69118,1.87584,1.29205,0.00000,-0.18371
140,-0.63731,-10.60151,1.84706,1.29567,0.00000,-0.17442
141,-0.61660,-10.51092,1.81884,1.29882,-0.00000,-0.16610
142,-0.59664,-10.41962,1.79092,1.30168,0.00000,-0.15841
143,-0.57660,-10.32792,1.76289,1.30542,-0.00000,-0.14887
144,-0.55647,-10.23583,1.73474,1.30985,-0.00000,-0.13792
145,-0.53626,-10.14335,1.70647,1.31432,0.00000,-0.12695
146,-0.51619,-10.05042,1.67817,1.31878,-0.00000,-0.11612
147,-0.49989,-9.95591,1.65133,1.32209,-0.00000,-0.10813
148,-0.48354,-9.86101,1.62438,1.32547,-0.00000,-0.10011
149,-0.46711,-9.76574,1.59733,1.32951,-0.00000,-0.09190
150,-0.45063,-9.67009,1.57016,1.33359,-0.00000,-0.08368
151,-0.43407,-9.57408,1.54290,1.33769,-0.00000,-0.07544
152,-0.42157,-9.47671,1.51704,1.34069,0.00000,-0.07016
153,-0.41152,-9.37838,1.49201,1.34301,-0.00000,-0.06669
154,-0.40143,-9.27968,1.46689,1.34569,-0.00000,-0.06310
155,-0.39131,-9.18063,1.44168,1.34855,-0.00000,-0.05943
156,-0.38115,-9.08121,1.41637,1.35143,-0.00000,-0.05576
157,-0.37233,-8.98117,1.39167,1.35382,-0.00000,-0.05307
158,-0.36673,-8.88012,1.36848,1.35505,-0.00000,-0.05270
159,-0.36110,-8.77873,1.34522,1.35647,-0.00000,-0.05226
160,-0.35546,-8.67699,1.32188,1.35818,-0.00000,-0.05169
161,-0.34980,-8.57491,1.29846,1.35990,-0.00000,-0.05112
162,-0.34414,-8.47247,1.27504,1.36156,-0.00000,-0.05056
163,-0.33870,-8.36948,1.25247,1.36257,-0.00000,-0.05018
164,-0.33324,-8.26616,1.22984,1.36365,-0.00000,-0.04976
165,-0.32777,-8.16251,1.20713,1.36503,-0.00000,-0.04918
166,-0.32227,-8.05853,1.18435,1.36642,-0.00000,-0.04859
167,-0.31676,-7.95424,1.16150,1.36781,-0.00000,-0.04800
168,-0.31147,-7.84947,1.13930,1.36869,-0.00000,-0.04758
169,-0.30618,-7.74437,1.11708,1.36957,0.00000,-0.04715
170,-0.30087,-7.63896,1.09480,1.37075,-0.00000,-0.04651
171,-0.29554,-7.53325,1.07245,1.37193,-0.00000,-0.04588
172,-0.29020,-7.42724,1.05004,1.37312,-0.00000,-0.04524
173,-0.28510,-7.32079,1.02817,1.37389,0.00000,-0.04478
174,-0.28001,-7.21403,1.00632,1.37461,0.00000,-0.04433
175,-0.27492,-7.10698,0.98441,1.37563,-0.00000,-0.04364
176,-0.26981,-6.99965,0.96244,1.37665,0.00000,-0.04294
177,-0.26468,-6.89203,0.94041,1.37767,-0.00000,-0.04224
178,-0.25980,-6.78402,0.91881,1.37836,-0.00000,-0.04172
179,-0.25494,-6.67573,0.89720,1.37904,0.00000,-0.04120
180,-0.25007,-6.56716,0.87555,1.38000,0.00000,-0.04039
181,-0.24519,-6.45833,0.85384,1.38097,0.00000,-0.03957
182,-0.24030,-6.34923,0.83208,1.38194,-0.00000,-0.03874
183,-0.23570,-6.23977,0.81073,1.38258,-0.00000,-0.03814
184,-0.23110,-6.13005,0.78934,1.38328,-0.00000,-0.03747
185,-0.22650,-6.02008,0.76790,1.38426,-0.00000,-0.03645
186,-0.22188,-5.90986,0.74642,1.38524,-0.00000,-0.03543
187,-0.21729,-5.79938,0.72493,1.38619,-0.00000,-0.03443
188,-0.21303,-5.68857,0.70380,1.38686,-0.00000,-0.03368
189,-0.20876,-5.57752,0.68263,1.38765,0.00000,-0.03272
190,-0.20449,-5.46624,0.66142,1.38872,0.00000,-0.03137
191,-0.20020,-5.35472,0.64016,1.38979,-0.00000,-0.03000
192,-0.19604,-5.24295,0.61898,1.39077,0.00000,-0.02873
193,-0.19220,-5.13089,0.59809,1.39152,-0.00000,-0.02770
194,-0.18835,-5.01861,0.57717,1.39254,-0.00000,-0.02618
195,-0.18450,-4.90611,0.55620,1.39382,-0.00000,-0.02422
196,-0.18064,-4.79340,0.53519,1.39510,-0.00000,-0.02225
197,-0.17709,-4.68043,0.51440,1.39621,0.00000,-0.02050
198,-0.17383,-4.56719,0.49381,1.39714,-0.00000,-0.01896
199,-0.17056,-4.45376,0.47318,1.39865,-0.00000,-0.01568
200,-0.16729,-4.34014,0.45252,1.40034,-0.00000,-0.01187
201,-0.16401,-4.22632,0.43182,1.40204,-0.00000,-0.00805
202,-0.16141,-4.11221,0.41155,1.40342,-0.00000,-0.00470
203,-0.15898,-3.99789,0.39136,1.40468,0.00000,-0.00109
204,-0.15655,-3.88339,0.37115,1.40544,-0.00000,0.00966
205,-0.15412,-3.76872,0.35090,1.40622,0.00000,0.02044
206,-0.15180,-3.65386,0.33069,1.40697,-0.00000,0.03115
207,-0.15070,-3.53869,0.31114,1.40725,-0.00000,0.04103
208,-0.14959,-3.42335,0.29156,1.40769,-0.00000,0.05183
209,-0.14849,-3.30785,0.27196,1.40843,0.00000,0.06418
210,-0.14738,-3.19219,0.25233,1.40919,-0.00000,0.07655
211,-0.14767,-3.07632,0.23314,1.40963,-0.00000,0.08795
212,-0.14983,-2.96022,0.21455,1.40963,0.00000,0.09805
213,-0.15199,-2.84397,0.19594,1.41075,-0.00000,0.10772
214,-0.15416,-2.72758,0.17731,1.41233,-0.00000,0.11721
215,-0.15633,-2.61105,0.15866,1.41392,0.00000,0.12671
216,-0.16713,-2.49504,0.13945,1.41584,-0.00000,0.13012
217,-0.18016,-2.37906,0.12008,1.41801,-0.00000,0.13180
218,-0.19320,-2.26296,0.10069,1.42184,-0.00000,0.13195
219,-0.20626,-2.14674,0.08128,1.42567,-0.00000,0.13211
220,-0.21999,-2.03045,0.06197,1.42942,0.00000,0.13180
221,-0.23658,-1.91430,0.04317,1.43280,-0.00000,0.12948
222,-0.25318,-1.79803,0.02434,1.43728,-0.00000,0.12596
223,-0.26980,-1.68166,0.00549,1.44289,-0.00000,0.12120
224,-0.28643,-1.56518,-0.01337,1.44851,-0.00000,0.11644
225,-0.30257,-1.44833,-0.03091,1.45320,-0.00000,0.11205
226,-0.31839,-1.33120,-0.04759,1.45727,-0.00000,0.10792
227,-0.33423,-1.21398,-0.06428,1.46384,-0.00000,0.10083
228,-0.35008,-1.09668,-0.08098,1.47065,-0.00000,0.09347
229,-0.36586,-0.97926,-0.09760,1.47741,-0.00000,0.08616
230,-0.37936,-0.86116,-0.11171,1.48240,-0.00000,0.08049
231,-0.39288,-0.74297,-0.12582,1.48860,-0.00000,0.07333
232,-0.40640,-0.62471,-0.13994,1.49706,0.00000,0.06340
233,-0.41994,-0.50639,-0.15406,1.50554,0.00000,0.05348
234,-0.43182,-0.38767,-0.16666,1.51295,-0.00000,0.04473
235,-0.44191,-0.26853,-0.17759,1.51919,-0.00000,0.03724
236,-0.45201,-0.14934,-0.18853,1.52919,-0.00000,0.02504
237,-0.46211,-0.03009,-0.19948,1.54016,-0.00000,0.01163
238,-0.47222,0.08921,-0.21042,1.55114,0.00000,-0.00178
239,-0.47801,0.20912,-0.21768,1.55955,-0.00000,-0.01218
240,-0.48352,0.32910,-0.22468,1.56900,0.00000,-0.02392
241,-0.48903,0.44913,-0.23169,1.58195,-0.00000,-0.04008
242,-0.49453,0.56919,-0.23870,1.59491,-0.00000,-0.05627
243,-0.49759,0.68941,-0.24370,1.60646,-0.00000,-0.07076
244,-0.49699,0.80984,-0.24570,1.61593,-0.00000,-0.08272
245,-0.49639,0.93030,-0.24770,1.62721,-0.00000,-0.09693
246,-0.49579,1.05078,-0.24971,1.63917,0.00000,-0.11202
247,-0.49519,1.17128,-0.25171,1.65111,0.00000,-0.12711
248,-0.48715,1.29138,-0.24777,1.65893,0.00000,-0.13702
249,-0.47802,1.41145,-0.24297,1.66642,-0.00000,-0.14659
250,-0.46890,1.53151,-0.23817,1.67509,-0.00000,-0.15786
251,-0.45978,1.65158,-0.23337,1.68373,-0.00000,-0.16916
252,-0.44771,1.77116,-0.22624,1.69074,-0.00000,-0.17836
253,-0.43008,1.88984,-0.21469,1.69469,-0.00000,-0.18362
254,-0.41246,2.00850,-0.20314,1.70000,-0.00000,-0.19140
255,-0.39483,2.12714,-0.19160,1.70598,-0.00000,-0.20045
256,-0.37721,2.24577,-0.18005,1.71195,-0.00000,-0.20951
257,-0.35604,2.36348,-0.16559,1.71587,-0.00000,-0.21601
258,-0.33409,2.48098,-0.15049,1.71975,-0.00000,-0.22286
259,-0.31215,2.59844,-0.13538,1.72617,0.00000,-0.23551
260,-0.29020,2.71588,-0.12028,1.73257,-0.00000,-0.24820
261,-0.26744,2.83302,-0.10460,1.73853,0.00000,-0.26030
262,-0.24261,2.94950,-0.08745,1.74346,-0.00000,-0.27089
263,-0.21779,3.06594,-0.07031,1.75095,0.00000,-0.28849
264,-0.19298,3.18233,-0.05317,1.76010,0.00000,-0.31081
265,-0.16818,3.29868,-0.03605,1.76918,-0.00000,-0.33324
266,-0.13955,3.41370,-0.01679,1.77671,-0.00000,-0.35288
267,-0.10966,3.52825,0.00317,1.78405,-0.00000,-0.37278
268,-0.07977,3.64274,0.02312,1.79697,-0.00000,-0.41146
269,-0.04991,3.75716,0.04306,1.80963,-0.00000,-0.45062
270,-0.01827,3.87079,0.06380,1.82146,-0.00000,-0.48874
271,0.02044,3.98151,0.08776,1.83094,-0.00000,-0.52157
272,0.05913,4.09215,0.11170,1.84162,0.00000,-0.56764
273,0.09780,4.20272,0.13562,1.85310,-0.00000,-0.62735
274,0.13643,4.31321,0.15953,1.86368,-0.00000,-0.68784
275,0.18439,4.41856,0.18700,1.87135,-0.00000,-0.74096
276,0.23756,4.52099,0.21646,1.87722,-0.00000,-0.78994
277,0.29069,4.62333,0.24589,1.87559,-0.00000,-0.84858
278,0.34377,4.72559,0.27530,1.87254,-0.00000,-0.90758
279,0.39821,4.82662,0.30511,1.86835,-0.00000,-0.96462
280,0.47330,4.91070,0.34137,1.86070,0.00000,-1.00200
281,0.54832,4.99469,0.37760,1.85114,0.00000,-1.04171
282,0.62327,5.07861,0.41378,1.83831,-0.00000,-1.08585
283,0.69814,5.16244,0.44994,1.82510,0.00000,-1.12933
284,0.78367,5.23282,0.48647,1.81209,-0.00000,-1.16008
285,0.88139,5.28786,0.52344,1.79953,-0.00000,-1.17689
286,0.97900,5.34284,0.56037,1.78440,-0.00000,-1.19933
287,1.07650,5.39775,0.59726,1.76831,-0.00000,-1.22353
288,1.17388,5.45260,0.63410,1.75217,-0.00000,-1.24752
289,1.27842,5.49854,0.66189,1.74271,-0.00000,-1.26372
290,1.38414,5.54281,0.68802,1.73407,-0.00000,-1.27942
291,1.48973,5.58704,0.71412,1.72266,-0.00000,-1.30218
292,1.59517,5.63120,0.74018,1.71117,0.00000,-1.32485
293,1.70142,5.67349,0.76489,1.70060,-0.00000,-1.34599
294,1.81128,5.70850,0.78434,1.69382,-0.00000,-1.36150
295,1.92098,5.74347,0.80376,1.68530,-0.00000,-1.38185
296,2.03053,5.77838,0.82315,1.67468,-0.00000,-1.40795
297,2.13990,5.81324,0.84251,1.66399,-0.00000,-1.43398
298,2.25090,5.84279,0.85923,1.65516,-0.00000,-1.45607
299,2.36335,5.86751,0.87355,1.64803,-0.00000,-1.47464
300,2.47561,5.89220,0.88785,1.63835,-0.00000,-1.50076
301,2.58770,5.91684,0.90213,1.62784,0.00000,-1.52914
302,2.69959,5.94145,0.91638,1.61731,-0.00000,-1.55745
303,2.81319,5.95710,0.92692,1.60941,0.00000,-1.57939
304,2.92704,5.97068,0.93659,1.60203,-0.00000,-1.60032
305,3.04068,5.98424,0.94625,1.59275,-0.00000,-1.63217
306,3.15411,5.99777,0.95589,1.58344,0.00000,-1.66400
307,3.26741,6.01033,0.96516,1.57440,-0.00000,-1.69507
308,3.38150,6.00891,0.96927,1.56900,-0.00000,-1.71642
309,3.49537,6.00750,0.97337,1.56358,-0.00000,-1.73976
310,3.60902,6.00608,0.97746,1.55810,-0.00000,-1.76846
311,3.72243,6.00467,0.98155,1.55264,-0.00000,-1.79710
312,3.83534,5.99951,0.98434,1.54810,-0.00000,-1.82302
313,3.94729,5.98424,0.98365,1.54600,0.00000,-1.84187
314,4.05901,5.96901,0.98297,1.54377,-0.00000,-1.86396
315,4.17047,5.95381,0.98229,1.54139,-0.00000,-1.88984
316,4.28169,5.93864,0.98161,1.53904,-0.00000,-1.91564
317,4.39125,5.91676,0.97971,1.53754,-0.00000,-1.93656
318,4.49866,5.88593,0.97621,1.53715,-0.00000,-1.95105
319,4.60582,5.85517,0.97271,1.53648,-0.00000,-1.96966
320,4.71274,5.82449,0.96922,1.53562,-0.00000,-1.99102
321,4.81938,5.79388,0.96574,1.53479,-0.00000,-2.01232
322,4.92399,5.75809,0.96220,1.53400,-0.00000,-2.02970
323,5.02679,5.71778,0.95860,1.53326,-0.00000,-2.04365
324,5.12931,5.67757,0.95500,1.53211,-0.00000,-2.06191
325,5.23158,5.63746,0.95142,1.53080,-0.00000,-2.08217
326,5.33357,5.59746,0.94785,1.52950,0.00000,-2.10238
327,5.43296,5.55234,0.94405,1.52837,-0.00000,-2.11853
328,5.53036,5.50348,0.94009,1.52735,-0.00000,-2.13171
329,5.62749,5.45476,0.93615,1.52582,-0.00000,-2.14959
330,5.72435,5.40618,0.93222,1.52408,-0.00000,-2.16947
331,5.82094,5.35773,0.92829,1.52237,-0.00000,-2.18931
332,5.91464,5.30478,0.92403,1.52091,-0.00000,-2.20538
333,6.00595,5.24824,0.91949,1.51964,-0.00000,-2.21840
334,6.09699,5.19187,0.91496,1.51774,-0.00000,-2.23666
335,6.18777,5.13567,0.91045,1.51550,-0.00000,-2.25777
336,6.27826,5.07964,0.90595,1.51330,-0.00000,-2.27884
337,6.36619,5.02047,0.90110,1.51135,-0.00000,-2.29703
338,6.45112,4.95752,0.89585,1.50970,-0.00000,-2.31182
339,6.53578,4.89478,0.89061,1.50742,-0.00000,-2.33145
340,6.62017,4.83224,0.88539,1.50456,-0.00000,-2.35564
341,6.70427,4.76990,0.88019,1.50175,-0.00000,-2.37978
342,6.78647,4.70579,0.87473,1.49916,0.00000,-2.40206
343,6.86408,4.63666,0.86859,1.49705,-0.00000,-2.41954
344,6.94142,4.56776,0.86246,1.49456,-0.00000,-2.44000
345,7.01849,4.49911,0.85636,1.49115,-0.00000,-2.46747
346,7.09528,4.43070,0.85028,1.48781,-0.00000,-2.49489
347,7.17180,4.36253,0.84422,1.48454,-0.00000,-2.52222
348,7.24007,4.28674,0.83688,1.48214,-0.00000,-2.54166
349,7.30808,4.21124,0.82957,1.47978,-0.00000,-2.56103
350,7.37584,4.13601,0.82228,1.47674,0.00000,-2.59060
351,7.44334,4.06107,0.81502,1.47378,-0.00000,-2.62025
352,7.51058,3.98643,0.80779,1.47091,-0.00000,-2.64979
353,7.57114,3.90712,0.79960,1.46873,-0.00000,-2.67356
354,7.62758,3.82517,0.79084,1.46696,-0.00000,-2.69384
355,7.68380,3.74355,0.78212,1.46532,-0.00000,-2.71801
356,7.73980,3.66225,0.77343,1.46382,-0.00000,-2.74512
357,7.79556,3.58130,0.76478,1.46240,-0.00000,-2.77211
358,7.84952,3.49978,0.75594,1.46120,0.00000,-2.79767
359,7.89286,3.41270,0.74569,1.46091,-0.00000,-2.81478
360,7.93602,3.32601,0.73549,1.46064,0.00000,-2.83190
361,7.97898,3.23969,0.72533,1.46022,0.00000,-2.85234
362,8.02176,3.15375,0.71522,1.45984,0.00000,-2.87268
363,8.06435,3.06819,0.70515,1.45952,-0.00000,-2.89290
364,8.10013,2.98033,0.69474,1.45942,-0.00000,-2.90799
365,8.12936,2.89027,0.68399,1.45952,-0.00000,-2.91820
366,8.15845,2.80062,0.67330,1.45949,-0.00000,-2.92930
367,8.18740,2.71141,0.66266,1.45919,0.00000,-2.94212
368,8.21621,2.62261,0.65207,1.45892,0.00000,-2.95486
369,8.24489,2.53425,0.64153,1.45866,-0.00000,-2.96754
370,8.26680,2.44443,0.63129,1.45819,-0.00000,-2.97533
371,8.28624,2.35439,0.62119,1.45765,0.00000,-2.98135
372,8.30558,2.26480,0.61114,1.45680,0.00000,-2.98853
373,8.32482,2.17566,0.60113,1.45565,0.00000,-2.99679
374,8.34396,2.08699,0.59119,1.45452,0.00000,-3.00502
375,8.36299,1.99878,0.58129,1.45340,-0.00000,-3.01320
376,8.37829,1.91037,0.57128,1.45240,-0.00000,-3.01873
377,8.39257,1.82226,0.56128,1.45143,0.00000,-3.02357
378,8.40678,1.73463,0.55133,1.45015,-0.00000,-3.02922
379,8.42090,1.64749,0.54144,1.44858,-0.00000,-3.03568
380,8.43494,1.56083,0.53160,1.44702,-0.00000,-3.04211
381,8.44891,1.47467,0.52182,1.44548,-0.00000,-3.04851
382,8.46046,1.38871,0.51175,1.44418,-0.00000,-3.05322
383,8.47074,1.30310,0.50156,1.44302,0.00000,-3.05705
384,8.48097,1.21799,0.49143,1.44169,0.00000,-3.06124
385,8.49113,1.13340,0.48136,1.43994,-0.00000,-3.06643
386,8.50123,1.04932,0.47135,1.43820,0.00000,-3.07159
387,8.51126,0.96576,0.46140,1.43647,0.00000,-3.07672
388,8.52036,0.88265,0.45129,1.43492,0.00000,-3.08120
389,8.52729,0.79993,0.44068,1.43376,-0.00000,-3.08416
390,8.53417,0.71775,0.43014,1.43261,-0.00000,-3.08711
391,8.54102,0.63609,0.41968,1.43097,-0.00000,-3.09109
392,8.54781,0.55497,0.40927,1.42922,-0.00000,-3.09528
393,8.55457,0.47440,0.39894,1.42749,-0.00000,-3.09944
394,8.56127,0.39436,0.38868,1.42578,-0.00000,-3.10358
395,8.56649,0.31486,0.37798,1.42443,-0.00000,-3.10668
396,8.57096,0.23590,0.36708,1.42329,0.00000,-3.10924
397,8.57539,0.15749,0.35627,1.42207,-0.00000,-3.11192
398,8.57979,0.07964,0.34553,1.41991,0.00000,-3.11625
399,8.58416,0.00236,0.33486,1.41777,0.00000,-3.12056
400,8.58850,-0.07435,0.32428,1.41564,-0.00000,-3.12484
401,8.59281,-0.15049,0.31378,1.41354,0.00000,-3.12909
402,8.59581,-0.22604,0.30281,1.41183,-0.00000,-3.13241
403,8.59828,-0.30100,0.29172,1.41028,-0.00000,-3.13534
404,8.60073,-0.37537,0.28071,1.40875,-0.00000,-3.13826
405,8.60316,-0.44915,0.26979,1.40659,-0.00000,3.14103
406,8.60557,-0.52234,0.25895,1.40444,-0.00000,3.13715
407,8.60796,-0.59494,0.24821,1.40231,0.00000,3.13329
408,8.61034,-0.66694,0.23755,1.40019,-0.00000,3.12947
409,8.61209,-0.73830,0.22670,1.39830,-0.00000,3.12610
410,8.61283,-0.80901,0.21547,1.39675,0.00000,3.12346
411,8.61357,-0.87912,0.20434,1.39521,-0.00000,3.12084
412,8.61430,-0.94862,0.19330,1.39342,0.00000,3.11783
413,8.61503,-1.01749,0.18237,1.39134,-0.00000,3.11436
414,8.61575,-1.08576,0.17153,1.38929,-0.00000,3.11092
415,8.61646,-1.15338,0.16079,1.38725,-0.00000,3.10751
416,8.61716,-1.22038,0.15015,1.38523,0.00000,3.10413
417,8.61667,-1.28662,0.13895,1.38371,-0.00000,3.10163
418,8.61520,-1.35213,0.12729,1.38258,-0.00000,3.09985
419,8.61374,-1.41700,0.11575,1.38147,-0.00000,3.09810
420,8.61230,-1.48123,0.10432,1.37988,0.00000,3.09566
421,8.61086,-1.54481,0.09301,1.37762,0.00000,3.09226
422,8.60945,-1.60774,0.08182,1.37538,-0.00000,3.08889
423,8.60805,-1.67002,0.07074,1.37317,-0.00000,3.08555
424,8.60666,-1.73164,0.05977,1.37098,-0.00000,3.08225
425,8.60520,-1.79258,0.04887,1.36886,-0.00000,3.07904
426,8.60266,-1.85268,0.03740,1.36725,-0.00000,3.07665
427,8.60016,-1.91213,0.02606,1.36566,-0.00000,3.07428
428,8.59768,-1.97089,0.01484,1.36408,0.00000,3.07194
429,8.59523,-2.02899,0.00375,1.36211,-0.00000,3.06908
430,8.59280,-2.08640,-0.00721,1.35995,-0.00000,3.06594
431,8.59041,-2.14313,-0.01803,1.35780,-0.00000,3.06284
432,8.58805,-2.19917,-0.02873,1.35569,-0.00000,3.05977
433,8.58571,-2.25454,-0.03930,1.35360,-0.00000,3.05674
434,8.58341,-2.30919,-0.04973,1.35155,0.00000,3.05374
435,8.58040,-2.36304,-0.06049,1.34984,0.00000,3.05130
436,8.57718,-2.41614,-0.07128,1.34828,-0.00000,3.04909
437,8.57400,-2.46854,-0.08193,1.34673,-0.00000,3.04689
438,8.57086,-2.52023,-0.09243,1.34521,-0.00000,3.04473
439,8.56777,-2.57121,-0.10279,1.34323,-0.00000,3.04195
440,8.56472,-2.62148,-0.11301,1.34121,0.00000,3.03910
441,8.56171,-2.67103,-0.12307,1.33922,-0.00000,3.03630
442,8.55875,-2.71985,-0.13300,1.33727,-0.00000,3.03354
443,8.55583,-2.76796,-0.14277,1.33534,-0.00000,3.03081
444,8.55296,-2.81534,-0.15240,1.33344,-0.00000,3.02812
445,8.54996,-2.86193,-0.16199,1.33166,-0.00000,3.02560
446,8.54548,-2.90744,-0.17250,1.33066,0.00000,3.02423
447,8.54108,-2.95221,-0.18285,1.32968,-0.00000,3.02289
448,8.53674,-2.99625,-0.19302,1.32872,-0.00000,3.02157
449,8.53248,-3.03955,-0.20302,1.32777,-0.00000,3.02027
450,8.52830,-3.08210,-0.21285,1.32627,0.00000,3.01825
451,8.52418,-3.12390,-0.22251,1.32431,0.00000,3.01565
452,8.52015,-3.16494,-0.23199,1.32240,0.00000,3.01309
453,8.51618,-3.20523,-0.24129,1.32052,-0.00000,3.01058
454,8.51229,-3.24476,-0.25042,1.31868,0.00000,3.00811
455,8.50848,-3.28353,-0.25938,1.31687,-0.00000,3.00569
456,8.50474,-3.32153,-0.26816,1.31510,-0.00000,3.00331
457,8.50108,-3.35874,-0.27675,1.31337,0.00000,3.00098
458,8.49732,-3.39515,-0.28530,1.31177,0.00000,2.99882
459,8.49308,-3.43059,-0.29409,1.31050,-0.00000,2.99713
460,8.48894,-3.46525,-0.30268,1.30927,-0.00000,2.99548
461,8.48488,-3.49914,-0.31108,1.30806,-0.00000,2.99386
462,8.48092,-3.53224,-0.31929,1.30688,-0.00000,2.99228
463,8.47706,-3.56455,-0.32730,1.30573,-0.00000,2.99073
464,8.47329,-3.59607,-0.33511,1.30457,-0.00000,2.98914
465,8.46962,-3.62679,-0.34273,1.30334,0.00000,2.98738
466,8.46604,-3.65670,-0.35014,1.30215,0.00000,2.98566
467,8.46256,-3.68581,-0.35736,1.30099,0.00000,2.98399
468,8.45918,-3.71412,-0.36437,1.29986,-0.00000,2.98236
469,8.45589,-3.74162,-0.37119,1.29876,0.00000,2.98078
470,8.45270,-3.76829,-0.37780,1.29770,-0.00000,2.97924
471,8.44961,-3.79414,-0.38421,1.29667,-0.00000,2.97775
472,8.44661,-3.81918,-0.39042,1.29568,-0.00000,2.97631
473,8.44372,-3.84338,-0.39642,1.29472,-0.00000,2.97491
474,8.44092,-3.86676,-0.40221,1.29379,-0.00000,2.97357
475,8.43823,-3.88930,-0.40780,1.29289,-0.00000,2.97226
476,8.43563,-3.91101,-0.41318,1.29203,-0.00000,2.97101
477,8.43275,-3.93175,-0.41864,1.29141,-0.00000,2.97010
478,8.42996,-3.95164,-0.42391,1.29083,-0.00000,2.96924
479,8.42728,-3.97069,-0.42895,1.29028,-0.00000,2.96843
480,8.42472,-3.98888,-0.43376,1.28975,0.00000,2.96765
481,8.42228,-4.00624,-0.43835,1.28924,-0.00000,2.96690
482,8.41996,-4.02273,-0.44272,1.28876,-0.00000,2.96620
483,8.41776,-4.03837,-0.44686,1.28831,-0.00000,2.96553
484,8.41569,-4.05313,-0.45076,1.28788,0.00000,2.96489
485,8.41373,-4.06704,-0.45444,1.28747,-0.00000,2.96430
486,8.41190,-4.08007,-0.45789,1.28710,-0.00000,2.96374
487,8.41019,-4.09224,-0.46111,1.28674,0.00000,2.96321
488,8.40860,-4.10352,-0.46410,1.28641,-0.00000,2.96273
489,8.40714,-4.11392,-0.46685,1.28610,-0.00000,2.96227
490,8.40580,-4.12344,-0.46937,1.28578,-0.00000,2.96175
491,8.40459,-4.13207,-0.47165,1.28549,-0.00000,2.96129
492,8.40350,-4.13981,-0.47370,1.28523,-0.00000,2.96087
493,8.40254,-4.14664,-0.47551,1.28500,-0.00000,2.96050
494,8.40171,-4.15258,-0.47708,1.28480,-0.00000,2.96018
495,8.40100,-4.15761,-0.47841,1.28464,-0.00000,2.95991
496,8.40042,-4.16175,-0.47951,1.28450,-0.00000,2.95969
497,8.39997,-4.16496,-0.48036,1.28439,-0.00000,2.95951
498,8.39964,-4.16726,-0.48097,1.28431,-0.00000,2.95939
499,8.39945,-4.16865,-0.48134,1.28426,-0.00000,2.95932
500,8.39938,-4.16912,-0.48146,1.28425,-0.00000,2.95929