1,14.47779,4.23287,-0.25483,1.54451,-0.00000,2.12611
2,14.47696,4.23201,-0.25513,1.54456,0.00000,2.12603
3,14.47448,4.22945,-0.25604,1.54472,0.00000,2.12579
4,14.47037,4.22519,-0.25753,1.54499,-0.00000,2.12540
5,14.46464,4.21924,-0.25961,1.54537,-0.00000,2.12484
6,14.45730,4.21164,-0.26228,1.54584,-0.00000,2.12411
7,14.44837,4.20239,-0.26553,1.54640,-0.00000,2.12321
8,14.43787,4.19150,-0.26935,1.54706,-0.00000,2.12215
9,14.42580,4.17898,-0.27374,1.54783,-0.00000,2.12093
10,14.41217,4.16486,-0.27870,1.54869,-0.00000,2.11955
11,14.39701,4.14915,-0.28421,1.54965,-0.00000,2.11801
12,14.38033,4.13186,-0.29028,1.55070,-0.00000,2.11632
13,14.36214,4.11300,-0.29689,1.55186,0.00000,2.11447
14,14.34245,4.09259,-0.30406,1.55311,-0.00000,2.11247
15,14.32129,4.07066,-0.31175,1.55445,-0.00000,2.11032
16,14.29866,4.04719,-0.31999,1.55589,0.00000,2.10801
17,14.27457,4.02223,-0.32875,1.55743,-0.00000,2.10555
18,14.24904,3.99577,-0.33803,1.55906,-0.00000,2.10294
19,14.22209,3.96783,-0.34783,1.56078,0.00000,2.10018
20,14.19373,3.93843,-0.35815,1.56260,-0.00000,2.09727
21,14.16397,3.90758,-0.36897,1.56451,-0.00000,2.09421
22,14.13056,3.87660,-0.37683,1.56593,-0.00000,2.09138
23,14.09552,3.84435,-0.38480,1.56738,-0.00000,2.08845
24,14.05903,3.81074,-0.39309,1.56887,-0.00000,2.08535
25,14.02109,3.77582,-0.40172,1.57040,-0.00000,2.08206
26,13.98172,3.73956,-0.41068,1.57199,-0.00000,2.07863
27,13.94093,3.70201,-0.41995,1.57365,-0.00000,2.07507
28,13.89875,3.66317,-0.42954,1.57536,0.00000,2.07137
29,13.85517,3.62304,-0.43945,1.57714,-0.00000,2.06755
30,13.80966,3.58201,-0.44788,1.57867,-0.00000,2.06369
31,13.76110,3.54075,-0.45131,1.57936,-0.00000,2.05998
32,13.71113,3.49829,-0.45485,1.58007,0.00000,2.05616
33,13.65977,3.45466,-0.45848,1.58081,-0.00000,2.05221
34,13.60705,3.40986,-0.46220,1.58197,-0.00000,2.04797
35,13.55295,3.36389,-0.46603,1.58324,-0.00000,2.04356
36,13.49752,3.31679,-0.46994,1.58455,0.00000,2.03902
37,13.43995,3.26946,-0.47229,1.58561,-0.00000,2.03456
38,13.37994,3.22225,-0.47244,1.58631,-0.00000,2.03025
39,13.31859,3.17398,-0.47260,1.58703,-0.00000,2.02583
40,13.25592,3.12468,-0.47275,1.58777,0.00000,2.02129
41,13.19195,3.07434,-0.47291,1.58873,-0.00000,2.01652
42,13.12667,3.02299,-0.47308,1.59025,0.00000,2.01136
43,13.05863,2.97266,-0.47336,1.59183,0.00000,2.00651
44,12.98803,2.92309,-0.47375,1.59346,-0.00000,2.00190
45,12.91614,2.87262,-0.47415,1.59514,-0.00000,1.99719
46,12.84296,2.82124,-0.47455,1.59685,0.00000,1.99237
47,12.76853,2.76899,-0.47496,1.59860,-0.00000,1.98743
48,12.69208,2.71702,-0.47537,1.60079,-0.00000,1.98226
49,12.61220,2.66755,-0.47577,1.60317,-0.00000,1.97754
50,12.53106,2.61730,-0.47617,1.60560,-0.00000,1.97272
51,12.44868,2.56629,-0.47658,1.60809,-0.00000,1.96779
52,12.36508,2.51452,-0.47700,1.61062,-0.00000,1.96276
53,12.27937,2.46355,-0.47727,1.61319,-0.00000,1.95794
54,12.19104,2.41426,-0.47732,1.61580,-0.00000,1.95310
55,12.10150,2.36430,-0.47736,1.61846,-0.00000,1.94806
56,12.01079,2.31369,-0.47741,1.62119,-0.00000,1.94292
57,11.91891,2.26242,-0.47746,1.62396,-0.00000,1.93768
58,11.82487,2.21240,-0.47697,1.62669,-0.00000,1.93273
59,11.72949,2.16212,-0.47636,1.62926,-0.00000,1.92760
60,11.63299,2.11125,-0.47575,1.63154,-0.00000,1.92213
61,11.53537,2.05980,-0.47513,1.63387,-0.00000,1.91654
62,11.43648,2.00816,-0.47408,1.63616,-0.00000,1.91094
63,11.33635,1.95629,-0.47262,1.63842,-0.00000,1.90530
64,11.23516,1.90387,-0.47116,1.64051,-0.00000,1.89949
65,11.13293,1.85092,-0.46968,1.64203,0.00000,1.89341
66,11.02933,1.79817,-0.46766,1.64347,-0.00000,1.88737
67,10.92422,1.74593,-0.46489,1.64479,-0.00000,1.88144
68,10.81812,1.69321,-0.46210,1.64614,-0.00000,1.87541
69,10.71104,1.64000,-0.45927,1.64730,0.00000,1.86918
70,10.60238,1.58769,-0.45591,1.64805,-0.00000,1.86299
71,10.49203,1.53652,-0.45192,1.64869,-0.00000,1.85703
72,10.38076,1.48493,-0.44789,1.64934,-0.00000,1.85097
73,10.26857,1.43292,-0.44383,1.65000,0.00000,1.84482
74,10.15444,1.38287,-0.43954,1.65035,0.00000,1.83876
75,10.03884,1.33379,-0.43509,1.65056,-0.00000,1.83276
76,9.92237,1.28435,-0.43060,1.65077,-0.00000,1.82667
77,9.80506,1.23455,-0.42609,1.65099,-0.00000,1.82049
78,9.68551,1.18780,-0.42230,1.65128,-0.00000,1.81480
79,9.56502,1.14101,-0.41856,1.65128,-0.00000,1.80860
80,9.44374,1.09392,-0.41479,1.65128,-0.00000,1.80231
81,9.32134,1.04735,-0.41151,1.65138,-0.00000,1.79609
82,9.19743,1.00241,-0.40941,1.65173,-0.00000,1.79019
83,9.07278,0.95720,-0.40729,1.65187,-0.00000,1.78362
84,8.94740,0.91173,-0.40516,1.65197,-0.00000,1.77685
85,8.82081,0.86738,-0.40362,1.65219,0.00000,1.77027
86,8.69338,0.82322,-0.40225,1.65245,0.00000,1.76368
87,8.56527,0.77883,-0.40088,1.65268,0.00000,1.75663
88,8.43630,0.73509,-0.39752,1.65249,-0.00000,1.74943
89,8.30620,0.69324,-0.38943,1.65130,-0.00000,1.74257
90,8.17547,0.65119,-0.38131,1.65010,-0.00000,1.73560
91,8.04415,0.60895,-0.37316,1.64892,-0.00000,1.72835
92,7.91170,0.57066,-0.35729,1.64615,-0.00000,1.72164
93,7.77864,0.53275,-0.34038,1.64314,-0.00000,1.71495
94,7.64502,0.49467,-0.32339,1.64007,-0.00000,1.70817
95,7.51056,0.45930,-0.30340,1.63632,0.00000,1.70170
96,7.37529,0.42635,-0.28069,1.63195,-0.00000,1.69533
97,7.23953,0.39329,-0.25788,1.62751,-0.00000,1.68886
98,7.10311,0.36111,-0.23494,1.62300,-0.00000,1.68254
99,6.96541,0.33261,-0.21166,1.61831,0.00000,1.67672
100,6.82728,0.30403,-0.18831,1.61345,0.00000,1.67027
101,6.68875,0.27537,-0.16489,1.60851,0.00000,1.66374
102,6.54861,0.24957,-0.14565,1.60446,-0.00000,1.65780
103,6.40801,0.22395,-0.12670,1.60038,-0.00000,1.65156
104,6.26706,0.19826,-0.10770,1.59616,0.00000,1.64472
105,6.12507,0.17362,-0.09315,1.59290,-0.00000,1.63806
106,5.98244,0.14946,-0.08075,1.59010,-0.00000,1.63143
107,5.83952,0.12525,-0.06831,1.58723,-0.00000,1.62449
108,5.69606,0.10176,-0.05772,1.58473,-0.00000,1.61735
109,5.55201,0.07917,-0.04941,1.58274,-0.00000,1.61033
110,5.40773,0.05655,-0.04109,1.58072,-0.00000,1.60322
111,5.26309,0.03463,-0.03346,1.57888,-0.00000,1.59616
112,5.11781,0.01501,-0.02808,1.57758,-0.00000,1.58952
113,4.97237,-0.00464,-0.02270,1.57627,0.00000,1.58280
114,4.82674,-0.02412,-0.01742,1.57496,-0.00000,1.57604
115,4.68042,-0.03960,-0.01476,1.57438,-0.00000,1.57035
116,4.53400,-0.05510,-0.01210,1.57384,0.00000,1.56471
117,4.38748,-0.07060,-0.00943,1.57330,0.00000,1.55900
118,4.24052,-0.08222,-0.00822,1.57311,-0.00000,1.55417
119,4.09345,-0.09319,-0.00725,1.57312,-0.00000,1.54979
120,3.94634,-0.10417,-0.00628,1.57317,0.00000,1.54547
121,3.79906,-0.11253,-0.00554,1.57328,-0.00000,1.54174
122,3.65171,-0.11966,-0.00491,1.57342,-0.00000,1.53828
123,3.50440,-0.12678,-0.00429,1.57375,-0.00000,1.53513
124,3.35708,-0.13259,-0.00335,1.57402,-0.00000,1.53232
125,3.20978,-0.13707,-0.00210,1.57421,-0.00000,1.52981
126,3.06259,-0.14154,-0.00086,1.57441,-0.00000,1.52728
127,2.91548,-0.14494,0.00039,1.57476,-0.00000,1.52518
128,2.76847,-0.14597,0.00164,1.57511,-0.00000,1.52368
129,2.62161,-0.14700,0.00289,1.57546,0.00000,1.52216
130,2.47493,-0.14748,0.00402,1.57586,-0.00000,1.52077
131,2.32847,-0.14393,0.00429,1.57656,-0.00000,1.52041
132,2.18224,-0.14040,0.00457,1.57726,-0.00000,1.52006
133,2.03625,-0.13686,0.00484,1.57798,-0.00000,1.51969
134,1.89066,-0.12940,0.00442,1.57889,-0.00000,1.52031
135,1.74537,-0.12158,0.00393,1.57980,0.00000,1.52078
136,1.60037,-0.11378,0.00344,1.58073,0.00000,1.52125
137,1.45581,-0.10416,0.00279,1.58171,-0.00000,1.52224
138,1.31164,-0.09374,0.00206,1.58266,-0.00000,1.52322
139,1.16783,-0.08334,0.00134,1.58351,-0.00000,1.52370
140,1.02441,-0.07283,0.00079,1.58432,-0.00000,1.52423
141,0.88140,-0.06218,0.00045,1.58507,-0.00000,1.52481
142,0.73882,-0.05156,0.00011,1.58572,-0.00000,1.52498
143,0.59666,-0.04123,-0.00010,1.58613,0.00000,1.52437
144,0.45488,-0.03221,0.00033,1.58636,-0.00000,1.52338
145,0.31358,-0.02322,0.00076,1.58660,-0.00000,1.52237
146,0.17279,-0.01427,0.00118,1.58719,-0.00000,1.52112
147,0.03242,-0.00719,0.00235,1.58818,-0.00000,1.51891
148,-0.10741,-0.00046,0.00364,1.58914,-0.00000,1.51657
149,-0.24668,0.00623,0.00493,1.59011,-0.00000,1.51421
150,-0.38539,0.01202,0.00666,1.59159,-0.00000,1.51161
151,-0.52352,0.01689,0.00884,1.59452,-0.00000,1.50883
152,-0.66103,0.02172,0.01102,1.59748,-0.00000,1.50602
153,-0.79788,0.02647,0.01324,1.60045,-0.00000,1.50316
154,-0.93408,0.03040,0.01602,1.60347,0.00000,1.50002
155,-1.06959,0.03432,0.01879,1.60768,-0.00000,1.49690
156,-1.20438,0.03822,0.02154,1.61193,0.00000,1.49375
157,-1.33844,0.04215,0.02447,1.61616,0.00000,1.49058
158,-1.47174,0.04610,0.02752,1.62039,-0.00000,1.48739
159,-1.60426,0.05002,0.03054,1.62495,0.00000,1.48402
160,-1.73599,0.05406,0.03353,1.62958,-0.00000,1.48064
161,-1.86686,0.05934,0.03639,1.63429,-0.00000,1.47766
162,-1.99689,0.06458,0.03923,1.63905,0.00000,1.47465
163,-2.12606,0.06980,0.04205,1.64338,-0.00000,1.47139
164,-2.25429,0.07639,0.04452,1.64751,-0.00000,1.46842
165,-2.38155,0.08443,0.04662,1.65180,-0.00000,1.46594
166,-2.50789,0.09241,0.04871,1.65613,0.00000,1.46343
167,-2.63330,0.10034,0.05078,1.66029,-0.00000,1.46085
168,-2.75749,0.11142,0.05192,1.66298,-0.00000,1.45882
169,-2.88064,0.12329,0.05280,1.66577,-0.00000,1.45708
170,-3.00279,0.13507,0.05367,1.66858,0.00000,1.45534
171,-3.12393,0.14674,0.05454,1.67141,-0.00000,1.45358
172,-3.24371,0.16042,0.05866,1.67238,-0.00000,1.45229
173,-3.36243,0.17403,0.06283,1.67252,-0.00000,1.45066
174,-3.48007,0.18752,0.06696,1.67265,0.00000,1.44902
175,-3.59661,0.20086,0.07130,1.67270,-0.00000,1.44736
176,-3.71163,0.21344,0.08264,1.67009,-0.00000,1.44547
177,-3.82552,0.22589,0.09386,1.66837,0.00000,1.44334
178,-3.93825,0.23822,0.10497,1.66718,-0.00000,1.44107
179,-4.04982,0.25041,0.11597,1.66597,0.00000,1.43879
180,-4.15974,0.26230,0.13080,1.66321,-0.00000,1.43646
181,-4.26844,0.27404,0.14574,1.66034,-0.00000,1.43410
182,-4.37589,0.28564,0.16050,1.65804,-0.00000,1.43148
183,-4.48210,0.29712,0.17509,1.65619,-0.00000,1.42863
184,-4.58692,0.30875,0.19010,1.65410,-0.00000,1.42590
185,-4.69039,0.32040,0.20524,1.65187,0.00000,1.42323
186,-4.79255,0.33191,0.22018,1.64964,-0.00000,1.42056
187,-4.89338,0.34327,0.23493,1.64745,-0.00000,1.41778
188,-4.99287,0.35461,0.24920,1.64557,-0.00000,1.41450
189,-5.09114,0.36675,0.26131,1.64451,0.00000,1.41160
190,-5.18801,0.37872,0.27326,1.64344,-0.00000,1.40870
191,-5.28347,0.39052,0.28503,1.64237,-0.00000,1.40580
192,-5.37749,0.40213,0.29662,1.64131,-0.00000,1.40291
193,-5.47013,0.41407,0.30646,1.64073,0.00000,1.39994
194,-5.56148,0.42697,0.31254,1.64136,-0.00000,1.39692
195,-5.65131,0.43965,0.31851,1.64198,-0.00000,1.39390
196,-5.73964,0.45212,0.32438,1.64260,-0.00000,1.39089
197,-5.82642,0.46437,0.33016,1.64321,-0.00000,1.38789
198,-5.91163,0.47651,0.33557,1.64394,-0.00000,1.38496
199,-5.99522,0.48983,0.33762,1.64611,-0.00000,1.38266
200,-6.07721,0.50290,0.33964,1.64708,-0.00000,1.37948
201,-6.15758,0.51571,0.34161,1.64795,-0.00000,1.37625
202,-6.23631,0.52825,0.34355,1.64882,-0.00000,1.37305
203,-6.31337,0.54054,0.34545,1.64967,-0.00000,1.36988
204,-6.38869,0.55275,0.34811,1.65015,-0.00000,1.36683
205,-6.46211,0.56521,0.35290,1.64961,-0.00000,1.36407
206,-6.53382,0.57738,0.35758,1.64908,-0.00000,1.36134
207,-6.60379,0.58925,0.36214,1.64796,-0.00000,1.35811
208,-6.67200,0.60083,0.36659,1.64646,-0.00000,1.35455
209,-6.73843,0.61210,0.37092,1.64498,-0.00000,1.35105
210,-6.80307,0.62307,0.37514,1.64353,-0.00000,1.34760
211,-6.86572,0.63421,0.38030,1.64158,-0.00000,1.34445
212,-6.92640,0.64537,0.38610,1.63929,-0.00000,1.34154
213,-6.98524,0.65619,0.39173,1.63705,0.00000,1.33869
214,-7.04220,0.66667,0.39717,1.63486,0.00000,1.33591
215,-7.09728,0.67680,0.40243,1.63272,0.00000,1.33319
216,-7.15044,0.68657,0.40751,1.63066,-0.00000,1.33020
217,-7.20167,0.69600,0.41241,1.62868,0.00000,1.32701
218,-7.25095,0.70506,0.41712,1.62675,-0.00000,1.32392
219,-7.29822,0.71393,0.42170,1.62485,0.00000,1.32101
220,-7.34333,0.72313,0.42635,1.62289,-0.00000,1.31856
221,-7.38644,0.73192,0.43079,1.62100,-0.00000,1.31620
222,-7.42752,0.74029,0.43502,1.61919,-0.00000,1.31394
223,-7.46656,0.74825,0.43904,1.61746,-0.00000,1.31177
224,-7.50354,0.75579,0.44285,1.61580,-0.00000,1.30971
225,-7.53843,0.76290,0.44644,1.61423,-0.00000,1.30775
226,-7.57121,0.76959,0.44982,1.61274,0.00000,1.30589
227,-7.60187,0.77584,0.45298,1.61134,-0.00000,1.30415
228,-7.63039,0.78165,0.45591,1.61003,0.00000,1.30252
229,-7.65674,0.78703,0.45863,1.60882,-0.00000,1.30100
230,-7.68090,0.79195,0.46112,1.60770,-0.00000,1.29957
231,-7.70286,0.79643,0.46338,1.60671,-0.00000,1.29804
232,-7.72259,0.80045,0.46541,1.60581,-0.00000,1.29665
233,-7.74008,0.80402,0.46721,1.60501,-0.00000,1.29542
234,-7.75527,0.80734,0.46863,1.60439,-0.00000,1.29446
235,-7.76815,0.81030,0.46975,1.60391,0.00000,1.29372
236,-7.77873,0.81274,0.47066,1.60352,0.00000,1.29310
237,-7.78700,0.81464,0.47137,1.60321,-0.00000,1.29263
238,-7.79293,0.81601,0.47188,1.60299,0.00000,1.29228
239,-7.79650,0.81683,0.47219,1.60285,-0.00000,1.29207
240,-7.79770,0.81711,0.47229,1.60281,-0.00000,1.29200