1,-7.98648,-0.79295,0.00000,1.57080,-0.00000,-1.28309
2,-7.99257,-0.66630,0.00000,1.57080,-0.00000,-1.29877
3,-7.99596,-0.53955,0.00000,1.57080,-0.00000,-1.31446
4,-7.99671,-0.41276,0.00000,1.57080,-0.00000,-1.33015
5,-7.99567,-0.28596,0.00000,1.57080,-0.00000,-1.34586
6,-7.99420,-0.15917,0.00000,1.57080,-0.00000,-1.36159
7,-7.99334,-0.03238,0.00000,1.57080,-0.00000,-1.37734
8,-7.99365,0.09442,0.00000,1.57080,-0.00000,-1.39312
9,-7.99489,0.22121,0.00000,1.57080,-0.00000,-1.40891
10,-7.99631,0.34800,0.00000,1.57080,-0.00000,-1.42473
11,-7.99665,0.47480,0.00000,1.57080,-0.00000,-1.44056
12,-7.99466,0.60158,0.00000,1.57080,-0.00000,-1.45640
13,-7.98992,0.72829,0.00000,1.57080,-0.00000,-1.47222
14,-7.98269,0.85488,0.00000,1.57080,-0.00000,-1.48805
15,-7.97405,0.98138,0.00000,1.57080,-0.00000,-1.50388
16,-7.96350,1.10774,0.00000,1.57080,-0.00000,-1.51972
17,-7.95030,1.23384,0.00000,1.57080,-0.00000,-1.53556
18,-7.93409,1.35960,0.00000,1.57080,-0.00000,-1.55140
19,-7.91538,1.48501,0.00000,1.57080,-0.00000,-1.56723
20,-7.89486,1.61013,0.00000,1.57080,-0.00000,-1.58306
21,-7.87302,1.73504,0.00000,1.57080,-0.00000,-1.59889
22,-7.84934,1.85960,0.00000,1.57080,-0.00000,-1.61474
23,-7.82291,1.98361,0.00000,1.57080,-0.00000,-1.63058
24,-7.79316,2.10686,0.00000,1.57080,-0.00000,-1.64642
25,-7.76043,2.22936,0.00000,1.57080,-0.00000,-1.66224
26,-7.72544,2.35123,0.00000,1.57080,-0.00000,-1.67806
27,-7.68844,2.47251,0.00000,1.57080,-0.00000,-1.69390
28,-7.64886,2.59297,0.00000,1.57080,-0.00000,-1.70973
29,-7.60623,2.71238,0.00000,1.57080,-0.00000,-1.72556
30,-7.56076,2.83074,0.00000,1.57080,-0.00000,-1.74136
31,-7.51336,2.94835,0.00000,1.57080,-0.00000,-1.75715
32,-7.46506,3.06559,0.00000,1.57080,-0.00000,-1.77291
33,-7.41643,3.18269,0.00000,1.57080,-0.00000,-1.78865
34,-7.36719,3.29953,0.00000,1.57080,-0.00000,-1.80437
35,-7.31645,3.41573,0.00000,1.57080,-0.00000,-1.82007
36,-7.26323,3.53082,0.00000,1.57080,-0.00000,-1.83576
37,-7.20710,3.64451,0.00000,1.57080,-0.00000,-1.85144
38,-7.14837,3.75688,0.00000,1.57080,-0.00000,-1.86711
39,-7.08757,3.86816,0.00000,1.57080,-0.00000,-1.88276
40,-7.02496,3.97841,0.00000,1.57080,-0.00000,-1.89841
41,-6.95995,4.08727,0.00000,1.57080,-0.00000,-1.91405
42,-6.89201,4.19433,0.00000,1.57080,-0.00000,-1.92969
43,-6.82143,4.29966,0.00000,1.57080,-0.00000,-1.94532
44,-6.74901,4.40374,0.00000,1.57080,-0.00000,-1.96094
45,-6.67543,4.50701,0.00000,1.57080,-0.00000,-1.97656
46,-6.60058,4.60935,0.00000,1.57080,-0.00000,-1.99219
47,-6.52391,4.71035,0.00000,1.57080,-0.00000,-2.00782
48,-6.44499,4.80958,0.00000,1.57080,-0.00000,-2.02347
49,-6.36381,4.90698,0.00000,1.57080,-0.00000,-2.03911
50,-6.28094,5.00295,0.00000,1.57080,-0.00000,-2.05476
51,-6.19696,5.09795,0.00000,1.57080,-0.00000,-2.07043
52,-6.11149,5.19161,0.00000,1.57080,-0.00000,-2.08611
53,-6.02402,5.28341,0.00000,1.57080,-0.00000,-2.10179
54,-5.93470,5.37340,0.00000,1.57080,-0.00000,-2.11749
55,-5.84419,5.46220,0.00000,1.57080,-0.00000,-2.13321
56,-5.75349,5.55081,0.00000,1.57080,-0.00000,-2.14894
57,-5.66332,5.63995,0.00000,1.57080,-0.00000,-2.16469
58,-5.57399,5.72994,0.00000,1.57080,-0.00000,-2.18047
59,-5.48527,5.82054,0.00000,1.57080,-0.00000,-2.19627
60,-5.39658,5.91116,0.00000,1.57080,-0.00000,-2.21209
61,-5.30699,6.00088,0.00000,1.57080,-0.00000,-2.22793
62,-5.21570,6.08888,0.00000,1.57080,-0.00000,-2.24376
63,-5.12252,6.17487,0.00000,1.57080,-0.00000,-2.25959
64,-5.02778,6.25914,0.00000,1.57080,-0.00000,-2.27541
65,-4.93211,6.34235,0.00000,1.57080,-0.00000,-2.29125
66,-4.83515,6.42406,0.00000,1.57080,-0.00000,-2.30709
67,-4.73646,6.50366,0.00000,1.57080,-0.00000,-2.32294
68,-4.63587,6.58086,0.00000,1.57080,-0.00000,-2.33878
69,-4.53381,6.65610,0.00000,1.57080,-0.00000,-2.35461
70,-4.43072,6.72993,0.00000,1.57080,-0.00000,-2.37044
71,-4.32687,6.80269,0.00000,1.57080,-0.00000,-2.38627
72,-4.22189,6.87379,0.00000,1.57080,-0.00000,-2.40212
73,-4.11530,6.94246,0.00000,1.57080,-0.00000,-2.41797
74,-4.00691,7.00823,0.00000,1.57080,-0.00000,-2.43380
75,-3.89699,7.07143,0.00000,1.57080,-0.00000,-2.44963
76,-3.78596,7.13267,0.00000,1.57080,-0.00000,-2.46545
77,-3.67390,7.19200,0.00000,1.57080,-0.00000,-2.48129
78,-3.56059,7.24888,0.00000,1.57080,-0.00000,-2.49712
79,-3.44587,7.30290,0.00000,1.57080,-0.00000,-2.51295
80,-3.32992,7.35421,0.00000,1.57080,-0.00000,-2.52875
81,-3.21319,7.40372,0.00000,1.57080,-0.00000,-2.54453
82,-3.09612,7.45241,0.00000,1.57080,-0.00000,-2.56029
83,-2.97892,7.50083,0.00000,1.57080,-0.00000,-2.57603
84,-2.86144,7.54854,0.00000,1.57080,-0.00000,-2.59175
85,-2.74331,7.59459,0.00000,1.57080,-0.00000,-2.60745
86,-2.62417,7.63798,0.00000,1.57080,-0.00000,-2.62314
87,-2.50397,7.67834,0.00000,1.57080,-0.00000,-2.63882
88,-2.38289,7.71598,0.00000,1.57080,-0.00000,-2.65449
89,-2.26116,7.75145,0.00000,1.57080,-0.00000,-2.67014
90,-2.13884,7.78486,0.00000,1.57080,-0.00000,-2.68579
91,-2.01581,7.81549,0.00000,1.57080,-0.00000,-2.70143
92,-1.89199,7.84281,0.00000,1.57080,-0.00000,-2.71707
93,-1.76755,7.86713,0.00000,1.57080,-0.00000,-2.73269
94,-1.64272,7.88934,0.00000,1.57080,-0.00000,-2.74832
95,-1.51765,7.91020,0.00000,1.57080,-0.00000,-2.76394
96,-1.39232,7.92943,0.00000,1.57080,-0.00000,-2.77957
97,-1.26665,7.94633,0.00000,1.57080,-0.00000,-2.79520
98,-1.14063,7.96033,0.00000,1.57080,-0.00000,-2.81084
99,-1.01433,7.97148,0.00000,1.57080,-0.00000,-2.82649
100,-0.88786,7.98055,0.00000,1.57080,-0.00000,-2.84214
101,-0.76129,7.98816,0.00000,1.57080,-0.00000,-2.85781
102,-0.63461,7.99362,0.00000,1.57080,-0.00000,-2.87349
103,-0.50785,7.99635,0.00000,1.57080,-0.00000,-2.88917
104,-0.38105,7.99658,0.00000,1.57080,-0.00000,-2.90487
105,-0.25426,7.99530,0.00000,1.57080,-0.00000,-2.92059
106,-0.12747,7.99388,0.00000,1.57080,-0.00000,-2.93632
107,-0.00067,7.99326,0.00000,1.57080,-0.00000,-2.95208
108,0.12612,7.99387,0.00000,1.57080,-0.00000,-2.96786
109,0.25292,7.99528,0.00000,1.57080,-0.00000,-2.98366
110,0.37971,7.99657,0.00000,1.57080,-0.00000,-2.99948
111,0.50650,7.99639,0.00000,1.57080,-0.00000,-3.01532
112,0.63327,7.99369,0.00000,1.57080,-0.00000,-3.03115
113,0.75995,7.98823,0.00000,1.57080,-0.00000,-3.04698
114,0.88651,7.98062,0.00000,1.57080,-0.00000,-3.06280
115,1.01299,7.97157,0.00000,1.57080,-0.00000,-3.07863
116,1.13929,7.96043,0.00000,1.57080,-0.00000,-3.09448
117,1.26532,7.94651,0.00000,1.57080,-0.00000,-3.11032
118,1.39099,7.92963,0.00000,1.57080,-0.00000,-3.12616
119,1.51632,7.91042,0.00000,1.57080,-0.00000,3.14120
120,1.64139,7.88955,0.00000,1.57080,-0.00000,3.12537
121,1.76623,7.86738,0.00000,1.57080,-0.00000,3.10954
122,1.89068,7.84308,0.00000,1.57080,-0.00000,3.09369
123,2.01451,7.81583,0.00000,1.57080,-0.00000,3.07785
124,2.13755,7.78523,0.00000,1.57080,-0.00000,3.06201
125,2.25988,7.75184,0.00000,1.57080,-0.00000,3.04619
126,2.38160,7.71635,0.00000,1.57080,-0.00000,3.03037
127,2.50269,7.67873,0.00000,1.57080,-0.00000,3.01453
128,2.62290,7.63840,0.00000,1.57080,-0.00000,2.99870
129,2.74205,7.59506,0.00000,1.57080,-0.00000,2.98288
130,2.86020,7.54904,0.00000,1.57080,-0.00000,2.96708
131,2.97768,7.50134,0.00000,1.57080,-0.00000,2.95130
132,3.09487,7.45293,0.00000,1.57080,-0.00000,2.93554
133,3.21195,7.40422,0.00000,1.57080,-0.00000,2.91981
134,3.32869,7.35474,0.00000,1.57080,-0.00000,2.90410
135,3.44466,7.30348,0.00000,1.57080,-0.00000,2.88840
136,3.55940,7.24950,0.00000,1.57080,-0.00000,2.87271
137,3.67273,7.19265,0.00000,1.57080,-0.00000,2.85703
138,3.78479,7.13333,0.00000,1.57080,-0.00000,2.84137
139,3.89581,7.07208,0.00000,1.57080,-0.00000,2.82571
140,4.00574,7.00889,0.00000,1.57080,-0.00000,2.81007
141,4.11417,6.94316,0.00000,1.57080,-0.00000,2.79443
142,4.22078,6.87453,0.00000,1.57080,-0.00000,2.77879
143,4.32578,6.80345,0.00000,1.57080,-0.00000,2.76316
144,4.42964,6.73071,0.00000,1.57080,-0.00000,2.74754
145,4.53271,6.65686,0.00000,1.57080,-0.00000,2.73192
146,4.63478,6.58164,0.00000,1.57080,-0.00000,2.71629
147,4.73540,6.50447,0.00000,1.57080,-0.00000,2.70065
148,4.83414,6.42494,0.00000,1.57080,-0.00000,2.68501
149,4.93111,6.34324,0.00000,1.57080,-0.00000,2.66936
150,5.02679,6.26003,0.00000,1.57080,-0.00000,2.65371
151,5.12153,6.17576,0.00000,1.57080,-0.00000,2.63804
152,5.21472,6.08978,0.00000,1.57080,-0.00000,2.62236
153,5.30602,6.00180,0.00000,1.57080,-0.00000,2.60667
154,5.39565,5.91211,0.00000,1.57080,-0.00000,2.59097
155,5.48434,5.82149,0.00000,1.57080,-0.00000,2.57525
156,5.57305,5.73089,0.00000,1.57080,-0.00000,2.55951
157,5.66238,5.64090,0.00000,1.57080,-0.00000,2.54375
158,5.75255,5.55176,0.00000,1.57080,-0.00000,2.52797
159,5.84323,5.46313,0.00000,1.57080,-0.00000,2.51217
160,5.93374,5.37433,0.00000,1.57080,-0.00000,2.49634
161,6.02312,5.28439,0.00000,1.57080,-0.00000,2.48050
162,6.11061,5.19261,0.00000,1.57080,-0.00000,2.46467
163,6.19607,5.09895,0.00000,1.57080,-0.00000,2.44884
164,6.28005,5.00395,0.00000,1.57080,-0.00000,2.43302
165,6.36293,4.90800,0.00000,1.57080,-0.00000,2.41718
166,6.44413,4.81061,0.00000,1.57080,-0.00000,2.40134
167,6.52311,4.71142,0.00000,1.57080,-0.00000,2.38549
168,6.59979,4.61044,0.00000,1.57080,-0.00000,2.36965
169,6.67465,4.50810,0.00000,1.57080,-0.00000,2.35382
170,6.74822,4.40483,0.00000,1.57080,-0.00000,2.33799
171,6.82065,4.30076,0.00000,1.57080,-0.00000,2.32215
172,6.89124,4.19543,0.00000,1.57080,-0.00000,2.30631
173,6.95925,4.08842,0.00000,1.57080,-0.00000,2.29046
174,7.02433,3.97959,0.00000,1.57080,-0.00000,2.27463
175,7.08695,3.86934,0.00000,1.57080,-0.00000,2.25881
176,7.14773,3.75806,0.00000,1.57080,-0.00000,2.24298
177,7.20649,3.64570,0.00000,1.57080,-0.00000,2.22714
178,7.26264,3.53202,0.00000,1.57080,-0.00000,2.21131
179,7.31591,3.41696,0.00000,1.57080,-0.00000,2.19549
180,7.36667,3.30076,0.00000,1.57080,-0.00000,2.17969
181,7.41592,3.18392,0.00000,1.57080,-0.00000,2.16391
182,7.46455,3.06682,0.00000,1.57080,-0.00000,2.14816
183,7.51285,2.94958,0.00000,1.57080,-0.00000,2.13243
184,7.56025,2.83198,0.00000,1.57080,-0.00000,2.11672
185,7.60576,2.71363,0.00000,1.57080,-0.00000,2.10102
186,7.64842,2.59423,0.00000,1.57080,-0.00000,2.08533
187,7.68807,2.47379,0.00000,1.57080,-0.00000,2.06965
188,7.72509,2.35252,0.00000,1.57080,-0.00000,2.05399
189,7.76006,2.23064,0.00000,1.57080,-0.00000,2.03834
190,7.79282,2.10815,0.00000,1.57080,-0.00000,2.02269
191,7.82263,1.98491,0.00000,1.57080,-0.00000,2.00705
192,7.84910,1.86091,0.00000,1.57080,-0.00000,1.99142
193,7.87280,1.73635,0.00000,1.57080,-0.00000,1.97579
194,7.89464,1.61145,0.00000,1.57080,-0.00000,1.96017
195,7.91515,1.48632,0.00000,1.57080,-0.00000,1.94455
196,7.93387,1.36092,0.00000,1.57080,-0.00000,1.92892
197,7.95012,1.23517,0.00000,1.57080,-0.00000,1.91328
198,7.96338,1.10907,0.00000,1.57080,-0.00000,1.89764
199,7.97395,0.98272,0.00000,1.57080,-0.00000,1.88199
200,7.98261,0.85621,0.00000,1.57080,-0.00000,1.86633
201,7.98985,0.72962,0.00000,1.57080,-0.00000,1.85066
202,7.99462,0.60292,0.00000,1.57080,-0.00000,1.83498
203,7.99663,0.47614,0.00000,1.57080,-0.00000,1.81929
204,7.99633,0.34934,0.00000,1.57080,-0.00000,1.80359
205,7.99491,0.22255,0.00000,1.57080,-0.00000,1.78787
206,7.99365,0.09576,0.00000,1.57080,-0.00000,1.77213
207,7.99334,-0.03104,0.00000,1.57080,-0.00000,1.75637
208,7.99419,-0.15784,0.00000,1.57080,-0.00000,1.74058
209,7.99565,-0.28463,0.00000,1.57080,-0.00000,1.72478
210,7.99670,-0.41142,0.00000,1.57080,-0.00000,1.70895
211,7.99598,-0.53821,0.00000,1.57080,-0.00000,1.69311
212,7.99263,-0.66496,0.00000,1.57080,-0.00000,1.67728
213,7.98652,-0.79161,0.00000,1.57080,-0.00000,1.66146
214,7.97856,-0.91816,0.00000,1.57080,-0.00000,1.64563
215,7.96907,-1.04460,0.00000,1.57080,-0.00000,1.62980
216,7.95726,-1.17084,0.00000,1.57080,-0.00000,1.61395
217,7.94254,-1.29678,0.00000,1.57080,-0.00000,1.59811
218,7.92500,-1.42236,0.00000,1.57080,-0.00000,1.58228
219,7.90529,-1.54761,0.00000,1.57080,-0.00000,1.56645
220,7.88411,-1.67263,0.00000,1.57080,-0.00000,1.55062
221,7.86147,-1.79739,0.00000,1.57080,-0.00000,1.53478
222,7.83651,-1.92170,0.00000,1.57080,-0.00000,1.51893
223,7.80846,-2.04535,0.00000,1.57080,-0.00000,1.50309
224,7.77712,-2.16821,0.00000,1.57080,-0.00000,1.48726
225,7.74318,-2.29038,0.00000,1.57080,-0.00000,1.47144
226,7.70721,-2.41197,0.00000,1.57080,-0.00000,1.45561
227,7.66901,-2.53287,0.00000,1.57080,-0.00000,1.43978
228,7.62792,-2.65282,0.00000,1.57080,-0.00000,1.42395
229,7.58380,-2.77170,0.00000,1.57080,-0.00000,1.40813
230,7.53722,-2.88963,0.00000,1.57080,-0.00000,1.39233
231,7.48927,-3.00701,0.00000,1.57080,-0.00000,1.37656
232,7.44078,-3.12417,0.00000,1.57080,-0.00000,1.36081
233,7.39193,-3.24118,0.00000,1.57080,-0.00000,1.34508
234,7.34206,-3.35776,0.00000,1.57080,-0.00000,1.32938
235,7.29019,-3.47346,0.00000,1.57080,-0.00000,1.31368
236,7.23551,-3.58786,0.00000,1.57080,-0.00000,1.29799
237,7.17802,-3.70086,0.00000,1.57080,-0.00000,1.28232
238,7.11820,-3.81266,0.00000,1.57080,-0.00000,1.26666
239,7.05652,-3.92344,0.00000,1.57080,-0.00000,1.25101
240,6.99279,-4.03306,0.00000,1.57080,-0.00000,1.23536
241,6.92636,-4.14106,0.00000,1.57080,-0.00000,1.21972
242,6.85699,-4.24720,0.00000,1.57080,-0.00000,1.20409
243,6.78539,-4.35184,0.00000,1.57080,-0.00000,1.18846
244,6.71234,-4.45549,0.00000,1.57080,-0.00000,1.17284
245,6.63818,-4.55834,0.00000,1.57080,-0.00000,1.15722
246,6.56249,-4.66006,0.00000,1.57080,-0.00000,1.14159
247,6.48474,-4.76022,0.00000,1.57080,-0.00000,1.12595
248,6.40463,-4.85851,0.00000,1.57080,-0.00000,1.11030
249,6.32253,-4.95513,0.00000,1.57080,-0.00000,1.09466
250,6.23906,-5.05057,0.00000,1.57080,-0.00000,1.07900
251,6.15445,-5.14501,0.00000,1.57080,-0.00000,1.06333
252,6.06800,-5.23776,0.00000,1.57080,-0.00000,1.04764
253,5.97955,-5.32862,0.00000,1.57080,-0.00000,1.03195
254,5.88951,-5.41790,0.00000,1.57080,-0.00000,1.01625
255,5.79879,-5.50649,0.00000,1.57080,-0.00000,1.00052
256,5.70830,-5.59530,0.00000,1.57080,-0.00000,0.98478
257,5.61854,-5.68486,0.00000,1.57080,-0.00000,0.96901
258,5.52957,-5.77521,0.00000,1.57080,-0.00000,0.95322
259,5.44096,-5.86591,0.00000,1.57080,-0.00000,0.93741
260,5.35194,-5.95621,0.00000,1.57080,-0.00000,0.92158
261,5.26156,-6.04514,0.00000,1.57080,-0.00000,0.90575
262,5.16933,-6.13214,0.00000,1.57080,-0.00000,0.88991
263,5.07527,-6.21716,0.00000,1.57080,-0.00000,0.87409
264,4.98006,-6.30091,0.00000,1.57080,-0.00000,0.85826
265,4.88381,-6.38345,0.00000,1.57080,-0.00000,0.84242
266,4.78602,-6.46416,0.00000,1.57080,-0.00000,0.82658
267,4.68637,-6.54256,0.00000,1.57080,-0.00000,0.81073
268,4.58498,-6.61870,0.00000,1.57080,-0.00000,0.79490
269,4.48235,-6.69316,0.00000,1.57080,-0.00000,0.77907
270,4.37890,-6.76647,0.00000,1.57080,-0.00000,0.76324
271,4.27455,-6.83850,0.00000,1.57080,-0.00000,0.74740
272,4.16881,-6.90847,0.00000,1.57080,-0.00000,0.73155
273,4.06131,-6.97571,0.00000,1.57080,-0.00000,0.71571
274,3.95210,-7.04012,0.00000,1.57080,-0.00000,0.69988
275,3.84159,-7.10228,0.00000,1.57080,-0.00000,0.68406
276,3.73006,-7.16261,0.00000,1.57080,-0.00000,0.66823
277,3.61740,-7.22079,0.00000,1.57080,-0.00000,0.65239
278,3.50339,-7.27626,0.00000,1.57080,-0.00000,0.63656
279,3.38802,-7.32886,0.00000,1.57080,-0.00000,0.62074
280,3.27161,-7.37912,0.00000,1.57080,-0.00000,0.60495
281,3.15466,-7.42812,0.00000,1.57080,-0.00000,0.58918
282,3.03753,-7.47667,0.00000,1.57080,-0.00000,0.57343
283,2.92023,-7.52483,0.00000,1.57080,-0.00000,0.55770
284,2.80247,-7.57184,0.00000,1.57080,-0.00000,0.54199
285,2.68386,-7.61667,0.00000,1.57080,-0.00000,0.52630
286,2.56418,-7.65853,0.00000,1.57080,-0.00000,0.51061
287,2.44351,-7.69747,0.00000,1.57080,-0.00000,0.49494
288,2.32209,-7.73397,0.00000,1.57080,-0.00000,0.47928
289,2.20007,-7.76846,0.00000,1.57080,-0.00000,0.46363
290,2.07741,-7.80056,0.00000,1.57080,-0.00000,0.44798
291,1.95398,-7.82959,0.00000,1.57080,-0.00000,0.43234
292,1.82983,-7.85530,0.00000,1.57080,-0.00000,0.41671
293,1.70516,-7.87844,0.00000,1.57080,-0.00000,0.40109
294,1.58020,-7.89994,0.00000,1.57080,-0.00000,0.38547
295,1.45501,-7.92007,0.00000,1.57080,-0.00000,0.36984
296,1.32952,-7.93822,0.00000,1.57080,-0.00000,0.35421
297,1.20368,-7.95372,0.00000,1.57080,-0.00000,0.33857
298,1.07749,-7.96622,0.00000,1.57080,-0.00000,0.32293
299,0.95109,-7.97623,0.00000,1.57080,-0.00000,0.30728
300,0.82457,-7.98455,0.00000,1.57080,-0.00000,0.29162
301,0.69795,-7.99122,0.00000,1.57080,-0.00000,0.27595
302,0.57122,-7.99533,0.00000,1.57080,-0.00000,0.26026
303,0.44444,-7.99673,0.00000,1.57080,-0.00000,0.24457
304,0.31764,-7.99603,0.00000,1.57080,-0.00000,0.22886
305,0.19085,-7.99454,0.00000,1.57080,-0.00000,0.21314
306,0.06406,-7.99343,0.00000,1.57080,-0.00000,0.19739
307,-0.06274,-7.99343,0.00000,1.57080,-0.00000,0.18163
308,-0.18953,-7.99452,0.00000,1.57080,-0.00000,0.16584
309,-0.31632,-7.99602,0.00000,1.57080,-0.00000,0.15002
310,-0.44312,-7.99675,0.00000,1.57080,-0.00000,0.13419
311,-0.56991,-7.99538,0.00000,1.57080,-0.00000,0.11836
312,-0.69663,-7.99131,0.00000,1.57080,-0.00000,0.10253
313,-0.82325,-7.98461,0.00000,1.57080,-0.00000,0.08671
314,-0.94978,-7.97631,0.00000,1.57080,-0.00000,0.07088
315,-1.07618,-7.96631,0.00000,1.57080,-0.00000,0.05504
316,-1.20236,-7.95385,0.00000,1.57080,-0.00000,0.03919
317,-1.32821,-7.93840,0.00000,1.57080,-0.00000,0.02335
318,-1.45370,-7.92027,0.00000,1.57080,-0.00000,0.00752
319,-1.57889,-7.90014,0.00000,1.57080,-0.00000,-0.00830
320,-1.70386,-7.87867,0.00000,1.57080,-0.00000,-0.02414
321,-1.82853,-7.85555,0.00000,1.57080,-0.00000,-0.03998
322,-1.95269,-7.82986,0.00000,1.57080,-0.00000,-0.05582
323,-2.07614,-7.80092,0.00000,1.57080,-0.00000,-0.07166
324,-2.19881,-7.76883,0.00000,1.57080,-0.00000,-0.08749
325,-2.32082,-7.73434,0.00000,1.57080,-0.00000,-0.10331
326,-2.44225,-7.69784,0.00000,1.57080,-0.00000,-0.11914
327,-2.56292,-7.65893,0.00000,1.57080,-0.00000,-0.13498
328,-2.68261,-7.61710,0.00000,1.57080,-0.00000,-0.15081
329,-2.80125,-7.57233,0.00000,1.57080,-0.00000,-0.16662
330,-2.91901,-7.52533,0.00000,1.57080,-0.00000,-0.18241
331,-3.03631,-7.47718,0.00000,1.57080,-0.00000,-0.19817
332,-3.15345,-7.42862,0.00000,1.57080,-0.00000,-0.21392
333,-3.27039,-7.37963,0.00000,1.57080,-0.00000,-0.22964
334,-3.38681,-7.32939,0.00000,1.57080,-0.00000,-0.24535
335,-3.50221,-7.27686,0.00000,1.57080,-0.00000,-0.26104
336,-3.61624,-7.22141,0.00000,1.57080,-0.00000,-0.27672
337,-3.72891,-7.16325,0.00000,1.57080,-0.00000,-0.29240
338,-3.84043,-7.10291,0.00000,1.57080,-0.00000,-0.30805
339,-3.95094,-7.04076,0.00000,1.57080,-0.00000,-0.32370
340,-4.06017,-6.97637,0.00000,1.57080,-0.00000,-0.33935
341,-4.16771,-6.90920,0.00000,1.57080,-0.00000,-0.35498
342,-4.27346,-6.83924,0.00000,1.57080,-0.00000,-0.37062
343,-4.37782,-6.76723,0.00000,1.57080,-0.00000,-0.38624
344,-4.48128,-6.69393,0.00000,1.57080,-0.00000,-0.40186
345,-4.58390,-6.61946,0.00000,1.57080,-0.00000,-0.41748
346,-4.68529,-6.54333,0.00000,1.57080,-0.00000,-0.43312
347,-4.78502,-6.46502,0.00000,1.57080,-0.00000,-0.44876
348,-4.88282,-6.38432,0.00000,1.57080,-0.00000,-0.46440
349,-4.97908,-6.30178,0.00000,1.57080,-0.00000,-0.48005
350,-5.07430,-6.21806,0.00000,1.57080,-0.00000,-0.49571
351,-5.16835,-6.13302,0.00000,1.57080,-0.00000,-0.51139
352,-5.26060,-6.04604,0.00000,1.57080,-0.00000,-0.52708
353,-5.35101,-5.95714,0.00000,1.57080,-0.00000,-0.54277
354,-5.44004,-5.86686,0.00000,1.57080,-0.00000,-0.55848
355,-5.52864,-5.77614,0.00000,1.57080,-0.00000,-0.57421
356,-5.61761,-5.68579,0.00000,1.57080,-0.00000,-0.58996
357,-5.70737,-5.59624,0.00000,1.57080,-0.00000,-0.60573
358,-5.79785,-5.50741,0.00000,1.57080,-0.00000,-0.62152
359,-5.88856,-5.41881,0.00000,1.57080,-0.00000,-0.63734
360,-5.97865,-5.32957,0.00000,1.57080,-0.00000,-0.65317
361,-6.06711,-5.23874,0.00000,1.57080,-0.00000,-0.66901
362,-6.15359,-5.14602,0.00000,1.57080,-0.00000,-0.68484
363,-6.23818,-5.05156,0.00000,1.57080,-0.00000,-0.70066
364,-6.32166,-4.95612,0.00000,1.57080,-0.00000,-0.71649
365,-6.40378,-4.85951,0.00000,1.57080,-0.00000,-0.73233
366,-6.48392,-4.76126,0.00000,1.57080,-0.00000,-0.74818
367,-6.56171,-4.66113,0.00000,1.57080,-0.00000,-0.76402
368,-6.63741,-4.55942,0.00000,1.57080,-0.00000,-0.77985
369,-6.71155,-4.45656,0.00000,1.57080,-0.00000,-0.79568
370,-6.78461,-4.35293,0.00000,1.57080,-0.00000,-0.81152
371,-6.85622,-4.24829,0.00000,1.57080,-0.00000,-0.82736
372,-6.92560,-4.14216,0.00000,1.57080,-0.00000,-0.84321
373,-6.99213,-4.03422,0.00000,1.57080,-0.00000,-0.85905
374,-7.05589,-3.92462,0.00000,1.57080,-0.00000,-0.87487
375,-7.11756,-3.81383,0.00000,1.57080,-0.00000,-0.89070
376,-7.17739,-3.70204,0.00000,1.57080,-0.00000,-0.90653
377,-7.23491,-3.58905,0.00000,1.57080,-0.00000,-0.92237
378,-7.28963,-3.47467,0.00000,1.57080,-0.00000,-0.93820
379,-7.34154,-3.35899,0.00000,1.57080,-0.00000,-0.95401
380,-7.39142,-3.24241,0.00000,1.57080,-0.00000,-0.96979
381,-7.44027,-3.12540,0.00000,1.57080,-0.00000,-0.98556
382,-7.48875,-3.00824,0.00000,1.57080,-0.00000,-1.00130
383,-7.53671,-2.89086,0.00000,1.57080,-0.00000,-1.01702
384,-7.58330,-2.77293,0.00000,1.57080,-0.00000,-1.03273
385,-7.62747,-2.65408,0.00000,1.57080,-0.00000,-1.04842
386,-7.66860,-2.53414,0.00000,1.57080,-0.00000,-1.06410
387,-7.70686,-2.41326,0.00000,1.57080,-0.00000,-1.07977
388,-7.74280,-2.29166,0.00000,1.57080,-0.00000,-1.09543
389,-7.77677,-2.16950,0.00000,1.57080,-0.00000,-1.11108
390,-7.80813,-2.04665,0.00000,1.57080,-0.00000,-1.12672
391,-7.83626,-1.92301,0.00000,1.57080,-0.00000,-1.14236
392,-7.86123,-1.79871,0.00000,1.57080,-0.00000,-1.15799
393,-7.88389,-1.67395,0.00000,1.57080,-0.00000,-1.17361
394,-7.90508,-1.54894,0.00000,1.57080,-0.00000,-1.18923
395,-7.92478,-1.42368,0.00000,1.57080,-0.00000,-1.20486
396,-7.94234,-1.29811,0.00000,1.57080,-0.00000,-1.22049
397,-7.95713,-1.17217,0.00000,1.57080,-0.00000,-1.23613
398,-7.96896,-1.04593,0.00000,1.57080,-0.00000,-1.25178
399,-7.97847,-0.91949,0.00000,1.57080,-0.00000,-1.26743